HashTable

- 50mb:
    8082956581, 36052914062, 2.551298E8
    8335725178, 35517189837, 2.58225336E8
    8186261479, 36394439495, 2.5471452E8
    8935132937, 36810586648, 2.1619304E8
    8265673326, 36176552056, 2.5193388E8

- 25mb:
    2951164947, 18382350170, 1.20407064E8
    2837315106, 18710470469, 1.19143672E8
    2811611510, 18315618212, 1.18396376E8
    2807365943, 18532829586, 1.19453144E8
    2837367092, 18648171371, 1.18388208E8

- 5mb:
    333295265, 4623754609, -3.3067288E7
    336824454, 4662990696, -3.3091832E7
    323327081, 4560552921, -3.3075448E7
    338169474, 4560343488, -3.3099992E7
    335060901, 4585076076, -3.3091808E7



RBTree

- 50mb:
    13043834149, 43880486566, 2.75238616E8
    15007750542, 43003543227, 2.82930536E8
    11768099861, 41580987004, 2.52839E8
    11870109688, 44892469081, 2.81950888E8
    12044621233, 40705509151, 2.814266E8

- 25mb:
    4867114659, 21590353299, 3.6090208E7
    4917003979, 23995875436, 3.0895112E7
    5172485558, 22837779754, 4.2006648E7
    4793445185, 21833238183, 3.93836E7
    4801527086, 22904043639, 4.6323776E7

- 5mb:
    1112085585, 4481716991, 2.9084696E7
    1181628254, 4419366490, 2.9084992E7
    1174590902, 4507320980, 2.8036256E7
    1113501896, 4538465051, 2.9084992E7
    1221584243, 4363050341, 2.960928E7


List

- 50mb:

- 25mb:

- 5mb: